A0,B0,C0,D0,E0,F0,G0,H0,A1,B1,C1,D1,E1,F1,G1,H1,A2,B2,C2,D2,E2,F2,G2,H2,A3,B3,C3,D3,E3,F3,G3,H3,A4,B4,C4,D4,E4,F4,G4,H4,A5,B5,C5,D5,E5,F5,G5,H5,A6,B6,C6,D6,E6,F6,G6,H6,
0,0,0,0,0,0,0,0,0,0,0,0,0,0,0,0,0,0,0,0,0,0,0,0,0,0,0,0,0,0,0,0,0,0,0,0,0,0,0,0,0,0,0,0,0,0,0,0,0,0,0,0,0,0,0,0,
0,0,0,0,0,0,0,1,0,0,0,0,0,0,0,1,0,0,0,0,0,0,0,1,0,0,0,0,0,0,0,1,0,0,0,1,0,0,0,0,0,1,0,0,0,0,0,0,1,0,0,0,0,0,0,0,
0,0,0,0,0,0,1,0,0,0,0,0,0,0,0,1,0,0,0,0,0,0,0,1,0,0,0,0,0,0,0,1,0,0,0,1,0,0,0,0,0,1,0,0,0,0,0,0,1,0,0,0,0,0,0,0,
0,0,0,0,0,0,1,1,0,0,0,0,0,0,1,1,0,0,0,0,0,0,1,1,0,0,0,0,0,0,1,1,0,0,1,1,0,0,0,0,1,1,0,0,0,0,0,0,1,1,0,0,0,0,0,0,
0,0,0,0,0,1,0,0,0,0,0,0,1,0,0,0,0,0,0,0,0,0,1,0,0,0,0,0,0,0,0,1,0,0,0,1,0,0,0,0,0,1,0,0,0,0,0,0,1,0,0,0,0,0,0,0,
0,0,0,0,0,1,0,1,0,0,0,0,1,0,0,1,0,0,0,0,0,0,1,1,0,0,0,0,0,0,1,1,0,0,1,1,0,0,0,0,1,1,0,0,0,0,0,0,1,1,0,0,0,0,0,0,
0,0,0,0,0,1,1,0,0,0,0,0,1,0,0,1,0,0,0,0,0,0,1,1,0,0,0,0,0,0,1,1,0,0,1,1,0,0,0,0,1,1,0,0,0,0,0,0,1,1,0,0,0,0,0,0,
0,0,0,0,0,1,1,1,0,0,0,0,1,0,1,1,0,0,0,0,1,0,1,1,0,0,0,0,0,1,1,1,0,1,1,1,0,0,0,0,1,1,0,1,0,0,0,0,1,1,1,0,0,0,0,0,
0,0,0,0,1,0,0,0,0,0,0,0,1,0,0,0,0,0,0,0,0,0,1,0,0,0,0,0,0,0,0,1,0,0,0,1,0,0,0,0,0,1,0,0,0,0,0,0,1,0,0,0,0,0,0,0,
0,0,0,0,1,0,0,1,0,0,0,0,1,0,0,1,0,0,0,0,0,0,1,1,0,0,0,0,0,0,1,1,0,0,1,1,0,0,0,0,1,1,0,0,0,0,0,0,1,1,0,0,0,0,0,0,
0,0,0,0,1,0,1,0,0,0,0,0,1,0,0,1,0,0,0,0,0,0,1,1,0,0,0,0,0,0,1,1,0,0,1,1,0,0,0,0,1,1,0,0,0,0,0,0,1,1,0,0,0,0,0,0,
0,0,0,0,1,0,1,1,0,0,0,0,1,0,1,1,0,0,0,0,1,0,1,1,0,0,0,0,0,1,1,1,0,1,1,1,0,0,0,0,1,1,0,1,0,0,0,0,1,1,1,0,0,0,0,0,
0,0,0,0,1,1,0,0,0,0,0,0,1,1,0,0,0,0,0,0,0,0,1,1,0,0,0,0,0,0,1,1,0,0,1,1,0,0,0,0,1,1,0,0,0,0,0,0,1,1,0,0,0,0,0,0,
0,0,0,0,1,1,0,1,0,0,0,0,1,1,0,1,0,0,0,0,0,1,1,1,0,0,0,0,0,1,1,1,0,1,1,1,0,0,0,0,1,1,0,1,0,0,0,0,1,1,1,0,0,0,0,0,
0,0,0,0,1,1,1,0,0,0,0,0,1,1,0,1,0,0,0,0,0,1,1,1,0,0,0,0,0,1,1,1,0,1,1,1,0,0,0,0,1,1,0,1,0,0,0,0,1,1,1,0,0,0,0,0,
0,0,0,0,1,1,1,1,0,0,0,0,1,1,1,1,0,0,0,0,1,1,1,1,0,0,0,0,1,1,1,1,1,1,1,1,0,0,0,0,1,1,1,1,0,0,0,0,1,1,1,1,0,0,0,0,
0,0,0,1,0,0,0,0,0,0,0,1,0,0,0,0,0,1,0,0,0,0,0,0,1,0,0,0,0,0,0,0,1,0,0,0,0,0,0,0,1,0,0,0,0,0,0,0,1,0,0,0,0,0,0,0,
0,0,0,1,0,0,0,1,0,0,0,1,0,0,0,1,0,1,0,0,0,0,0,1,1,0,0,0,0,0,0,1,1,0,0,1,0,0,0,0,1,1,0,0,0,0,0,0,1,1,0,0,0,0,0,0,
0,0,0,1,0,0,1,0,0,0,0,1,0,0,0,1,0,1,0,0,0,0,0,1,1,0,0,0,0,0,0,1,1,0,0,1,0,0,0,0,1,1,0,0,0,0,0,0,1,1,0,0,0,0,0,0,
0,0,0,1,0,0,1,1,0,0,0,1,0,0,1,1,0,1,0,0,0,0,1,1,1,0,0,0,0,0,1,1,1,0,1,1,0,0,0,0,1,1,1,0,0,0,0,0,1,1,1,0,0,0,0,0,
0,0,0,1,0,1,0,0,0,0,0,1,1,0,0,0,0,1,0,0,0,0,1,0,1,0,0,0,0,0,0,1,1,0,0,1,0,0,0,0,1,1,0,0,0,0,0,0,1,1,0,0,0,0,0,0,
0,0,0,1,0,1,0,1,0,0,0,1,1,0,0,1,0,1,0,0,0,0,1,1,1,0,0,0,0,0,1,1,1,0,1,1,0,0,0,0,1,1,1,0,0,0,0,0,1,1,1,0,0,0,0,0,
0,0,0,1,0,1,1,0,0,0,0,1,1,0,0,1,0,1,0,0,0,0,1,1,1,0,0,0,0,0,1,1,1,0,1,1,0,0,0,0,1,1,1,0,0,0,0,0,1,1,1,0,0,0,0,0,
0,0,0,1,0,1,1,1,0,0,0,1,1,0,1,1,0,1,0,0,1,0,1,1,1,0,0,0,0,1,1,1,1,1,1,1,0,0,0,0,1,1,1,1,0,0,0,0,1,1,1,1,0,0,0,0,
0,0,0,1,1,0,0,0,0,0,0,1,1,0,0,0,0,1,0,0,0,0,1,0,1,0,0,0,0,0,0,1,1,0,0,1,0,0,0,0,1,1,0,0,0,0,0,0,1,1,0,0,0,0,0,0,
0,0,0,1,1,0,0,1,0,0,0,1,1,0,0,1,0,1,0,0,0,0,1,1,1,0,0,0,0,0,1,1,1,0,1,1,0,0,0,0,1,1,1,0,0,0,0,0,1,1,1,0,0,0,0,0,
0,0,0,1,1,0,1,0,0,0,0,1,1,0,0,1,0,1,0,0,0,0,1,1,1,0,0,0,0,0,1,1,1,0,1,1,0,0,0,0,1,1,1,0,0,0,0,0,1,1,1,0,0,0,0,0,
0,0,0,1,1,0,1,1,0,0,0,1,1,0,1,1,0,1,0,0,1,0,1,1,1,0,0,0,0,1,1,1,1,1,1,1,0,0,0,0,1,1,1,1,0,0,0,0,1,1,1,1,0,0,0,0,
0,0,0,1,1,1,0,0,0,0,0,1,1,1,0,0,0,1,0,0,0,0,1,1,1,0,0,0,0,0,1,1,1,0,1,1,0,0,0,0,1,1,1,0,0,0,0,0,1,1,1,0,0,0,0,0,
0,0,0,1,1,1,0,1,0,0,0,1,1,1,0,1,0,1,0,0,0,1,1,1,1,0,0,0,0,1,1,1,1,1,1,1,0,0,0,0,1,1,1,1,0,0,0,0,1,1,1,1,0,0,0,0,
0,0,0,1,1,1,1,0,0,0,0,1,1,1,0,1,0,1,0,0,0,1,1,1,1,0,0,0,0,1,1,1,1,1,1,1,0,0,0,0,1,1,1,1,0,0,0,0,1,1,1,1,0,0,0,0,
0,0,0,1,1,1,1,1,0,0,0,1,1,1,1,1,0,1,0,0,1,1,1,1,1,0,0,0,1,1,1,1,1,1,1,1,1,0,0,0,1,1,1,1,1,0,0,0,1,1,1,1,1,0,0,0,
0,0,1,0,0,0,0,0,0,0,0,1,0,0,0,0,0,1,0,0,0,0,0,0,1,0,0,0,0,0,0,0,1,0,0,0,0,0,0,0,1,0,0,0,0,0,0,0,1,0,0,0,0,0,0,0,
0,0,1,0,0,0,0,1,0,0,0,1,0,0,0,1,0,1,0,0,0,0,0,1,1,0,0,0,0,0,0,1,1,0,0,1,0,0,0,0,1,1,0,0,0,0,0,0,1,1,0,0,0,0,0,0,
0,0,1,0,0,0,1,0,0,0,0,1,0,0,0,1,0,1,0,0,0,0,0,1,1,0,0,0,0,0,0,1,1,0,0,1,0,0,0,0,1,1,0,0,0,0,0,0,1,1,0,0,0,0,0,0,
0,0,1,0,0,0,1,1,0,0,0,1,0,0,1,1,0,1,0,0,0,0,1,1,1,0,0,0,0,0,1,1,1,0,1,1,0,0,0,0,1,1,1,0,0,0,0,0,1,1,1,0,0,0,0,0,
0,0,1,0,0,1,0,0,0,0,0,1,1,0,0,0,0,1,0,0,0,0,1,0,1,0,0,0,0,0,0,1,1,0,0,1,0,0,0,0,1,1,0,0,0,0,0,0,1,1,0,0,0,0,0,0,
0,0,1,0,0,1,0,1,0,0,0,1,1,0,0,1,0,1,0,0,0,0,1,1,1,0,0,0,0,0,1,1,1,0,1,1,0,0,0,0,1,1,1,0,0,0,0,0,1,1,1,0,0,0,0,0,
0,0,1,0,0,1,1,0,0,0,0,1,1,0,0,1,0,1,0,0,0,0,1,1,1,0,0,0,0,0,1,1,1,0,1,1,0,0,0,0,1,1,1,0,0,0,0,0,1,1,1,0,0,0,0,0,
0,0,1,0,0,1,1,1,0,0,0,1,1,0,1,1,0,1,0,0,1,0,1,1,1,0,0,0,0,1,1,1,1,1,1,1,0,0,0,0,1,1,1,1,0,0,0,0,1,1,1,1,0,0,0,0,
0,0,1,0,1,0,0,0,0,0,0,1,1,0,0,0,0,1,0,0,0,0,1,0,1,0,0,0,0,0,0,1,1,0,0,1,0,0,0,0,1,1,0,0,0,0,0,0,1,1,0,0,0,0,0,0,
0,0,1,0,1,0,0,1,0,0,0,1,1,0,0,1,0,1,0,0,0,0,1,1,1,0,0,0,0,0,1,1,1,0,1,1,0,0,0,0,1,1,1,0,0,0,0,0,1,1,1,0,0,0,0,0,
0,0,1,0,1,0,1,0,0,0,0,1,1,0,0,1,0,1,0,0,0,0,1,1,1,0,0,0,0,0,1,1,1,0,1,1,0,0,0,0,1,1,1,0,0,0,0,0,1,1,1,0,0,0,0,0,
0,0,1,0,1,0,1,1,0,0,0,1,1,0,1,1,0,1,0,0,1,0,1,1,1,0,0,0,0,1,1,1,1,1,1,1,0,0,0,0,1,1,1,1,0,0,0,0,1,1,1,1,0,0,0,0,
0,0,1,0,1,1,0,0,0,0,0,1,1,1,0,0,0,1,0,0,0,0,1,1,1,0,0,0,0,0,1,1,1,0,1,1,0,0,0,0,1,1,1,0,0,0,0,0,1,1,1,0,0,0,0,0,
0,0,1,0,1,1,0,1,0,0,0,1,1,1,0,1,0,1,0,0,0,1,1,1,1,0,0,0,0,1,1,1,1,1,1,1,0,0,0,0,1,1,1,1,0,0,0,0,1,1,1,1,0,0,0,0,
0,0,1,0,1,1,1,0,0,0,0,1,1,1,0,1,0,1,0,0,0,1,1,1,1,0,0,0,0,1,1,1,1,1,1,1,0,0,0,0,1,1,1,1,0,0,0,0,1,1,1,1,0,0,0,0,
0,0,1,0,1,1,1,1,0,0,0,1,1,1,1,1,0,1,0,0,1,1,1,1,1,0,0,0,1,1,1,1,1,1,1,1,1,0,0,0,1,1,1,1,1,0,0,0,1,1,1,1,1,0,0,0,
0,0,1,1,0,0,0,0,0,0,1,1,0,0,0,0,1,1,0,0,0,0,0,0,1,1,0,0,0,0,0,0,1,1,0,0,0,0,0,0,1,1,0,0,0,0,0,0,1,1,0,0,0,0,0,0,
0,0,1,1,0,0,0,1,0,0,1,1,0,0,0,1,1,1,0,0,0,0,0,1,1,1,0,0,0,0,0,1,1,1,0,1,0,0,0,0,1,1,0,1,0,0,0,0,1,1,1,0,0,0,0,0,
0,0,1,1,0,0,1,0,0,0,1,1,0,0,0,1,1,1,0,0,0,0,0,1,1,1,0,0,0,0,0,1,1,1,0,1,0,0,0,0,1,1,0,1,0,0,0,0,1,1,1,0,0,0,0,0,
0,0,1,1,0,0,1,1,0,0,1,1,0,0,1,1,1,1,0,0,0,0,1,1,1,1,0,0,0,0,1,1,1,1,1,1,0,0,0,0,1,1,1,1,0,0,0,0,1,1,1,1,0,0,0,0,
0,0,1,1,0,1,0,0,0,0,1,1,1,0,0,0,1,1,0,0,0,0,1,0,1,1,0,0,0,0,0,1,1,1,0,1,0,0,0,0,1,1,0,1,0,0,0,0,1,1,1,0,0,0,0,0,
0,0,1,1,0,1,0,1,0,0,1,1,1,0,0,1,1,1,0,0,0,0,1,1,1,1,0,0,0,0,1,1,1,1,1,1,0,0,0,0,1,1,1,1,0,0,0,0,1,1,1,1,0,0,0,0,
0,0,1,1,0,1,1,0,0,0,1,1,1,0,0,1,1,1,0,0,0,0,1,1,1,1,0,0,0,0,1,1,1,1,1,1,0,0,0,0,1,1,1,1,0,0,0,0,1,1,1,1,0,0,0,0,
0,0,1,1,0,1,1,1,0,0,1,1,1,0,1,1,1,1,0,0,1,0,1,1,1,1,0,0,0,1,1,1,1,1,1,1,0,1,0,0,1,1,1,1,0,1,0,0,1,1,1,1,1,0,0,0,
0,0,1,1,1,0,0,0,0,0,1,1,1,0,0,0,1,1,0,0,0,0,1,0,1,1,0,0,0,0,0,1,1,1,0,1,0,0,0,0,1,1,0,1,0,0,0,0,1,1,1,0,0,0,0,0,
0,0,1,1,1,0,0,1,0,0,1,1,1,0,0,1,1,1,0,0,0,0,1,1,1,1,0,0,0,0,1,1,1,1,1,1,0,0,0,0,1,1,1,1,0,0,0,0,1,1,1,1,0,0,0,0,
0,0,1,1,1,0,1,0,0,0,1,1,1,0,0,1,1,1,0,0,0,0,1,1,1,1,0,0,0,0,1,1,1,1,1,1,0,0,0,0,1,1,1,1,0,0,0,0,1,1,1,1,0,0,0,0,
0,0,1,1,1,0,1,1,0,0,1,1,1,0,1,1,1,1,0,0,1,0,1,1,1,1,0,0,0,1,1,1,1,1,1,1,0,1,0,0,1,1,1,1,0,1,0,0,1,1,1,1,1,0,0,0,
0,0,1,1,1,1,0,0,0,0,1,1,1,1,0,0,1,1,0,0,0,0,1,1,1,1,0,0,0,0,1,1,1,1,1,1,0,0,0,0,1,1,1,1,0,0,0,0,1,1,1,1,0,0,0,0,
0,0,1,1,1,1,0,1,0,0,1,1,1,1,0,1,1,1,0,0,0,1,1,1,1,1,0,0,0,1,1,1,1,1,1,1,0,1,0,0,1,1,1,1,0,1,0,0,1,1,1,1,1,0,0,0,
0,0,1,1,1,1,1,0,0,0,1,1,1,1,0,1,1,1,0,0,0,1,1,1,1,1,0,0,0,1,1,1,1,1,1,1,0,1,0,0,1,1,1,1,0,1,0,0,1,1,1,1,1,0,0,0,
0,0,1,1,1,1,1,1,0,0,1,1,1,1,1,1,1,1,0,0,1,1,1,1,1,1,0,0,1,1,1,1,1,1,1,1,1,1,0,0,1,1,1,1,1,1,0,0,1,1,1,1,1,1,0,0,
0,1,0,0,0,0,0,0,1,0,0,0,0,0,0,0,1,0,0,0,0,0,0,0,1,0,0,0,0,0,0,0,1,0,0,0,0,0,0,0,1,0,0,0,0,0,0,0,1,0,0,0,0,0,0,0,
0,1,0,0,0,0,0,1,1,0,0,0,0,0,0,1,1,0,0,0,0,0,0,1,1,0,0,0,0,0,0,1,1,0,0,1,0,0,0,0,1,1,0,0,0,0,0,0,1,1,0,0,0,0,0,0,
0,1,0,0,0,0,1,0,1,0,0,0,0,0,0,1,1,0,0,0,0,0,0,1,1,0,0,0,0,0,0,1,1,0,0,1,0,0,0,0,1,1,0,0,0,0,0,0,1,1,0,0,0,0,0,0,
0,1,0,0,0,0,1,1,1,0,0,0,0,0,1,1,1,0,0,0,0,0,1,1,1,0,0,0,0,0,1,1,1,0,1,1,0,0,0,0,1,1,1,0,0,0,0,0,1,1,1,0,0,0,0,0,
0,1,0,0,0,1,0,0,1,0,0,0,1,0,0,0,1,0,0,0,0,0,1,0,1,0,0,0,0,0,0,1,1,0,0,1,0,0,0,0,1,1,0,0,0,0,0,0,1,1,0,0,0,0,0,0,
0,1,0,0,0,1,0,1,1,0,0,0,1,0,0,1,1,0,0,0,0,0,1,1,1,0,0,0,0,0,1,1,1,0,1,1,0,0,0,0,1,1,1,0,0,0,0,0,1,1,1,0,0,0,0,0,
0,1,0,0,0,1,1,0,1,0,0,0,1,0,0,1,1,0,0,0,0,0,1,1,1,0,0,0,0,0,1,1,1,0,1,1,0,0,0,0,1,1,1,0,0,0,0,0,1,1,1,0,0,0,0,0,
0,1,0,0,0,1,1,1,1,0,0,0,1,0,1,1,1,0,0,0,1,0,1,1,1,0,0,0,0,1,1,1,1,1,1,1,0,0,0,0,1,1,1,1,0,0,0,0,1,1,1,1,0,0,0,0,
0,1,0,0,1,0,0,0,1,0,0,0,1,0,0,0,1,0,0,0,0,0,1,0,1,0,0,0,0,0,0,1,1,0,0,1,0,0,0,0,1,1,0,0,0,0,0,0,1,1,0,0,0,0,0,0,
0,1,0,0,1,0,0,1,1,0,0,0,1,0,0,1,1,0,0,0,0,0,1,1,1,0,0,0,0,0,1,1,1,0,1,1,0,0,0,0,1,1,1,0,0,0,0,0,1,1,1,0,0,0,0,0,
0,1,0,0,1,0,1,0,1,0,0,0,1,0,0,1,1,0,0,0,0,0,1,1,1,0,0,0,0,0,1,1,1,0,1,1,0,0,0,0,1,1,1,0,0,0,0,0,1,1,1,0,0,0,0,0,
0,1,0,0,1,0,1,1,1,0,0,0,1,0,1,1,1,0,0,0,1,0,1,1,1,0,0,0,0,1,1,1,1,1,1,1,0,0,0,0,1,1,1,1,0,0,0,0,1,1,1,1,0,0,0,0,
0,1,0,0,1,1,0,0,1,0,0,0,1,1,0,0,1,0,0,0,0,0,1,1,1,0,0,0,0,0,1,1,1,0,1,1,0,0,0,0,1,1,1,0,0,0,0,0,1,1,1,0,0,0,0,0,
0,1,0,0,1,1,0,1,1,0,0,0,1,1,0,1,1,0,0,0,0,1,1,1,1,0,0,0,0,1,1,1,1,1,1,1,0,0,0,0,1,1,1,1,0,0,0,0,1,1,1,1,0,0,0,0,
0,1,0,0,1,1,1,0,1,0,0,0,1,1,0,1,1,0,0,0,0,1,1,1,1,0,0,0,0,1,1,1,1,1,1,1,0,0,0,0,1,1,1,1,0,0,0,0,1,1,1,1,0,0,0,0,
0,1,0,0,1,1,1,1,1,0,0,0,1,1,1,1,1,0,0,0,1,1,1,1,1,0,0,0,1,1,1,1,1,1,1,1,1,0,0,0,1,1,1,1,1,0,0,0,1,1,1,1,1,0,0,0,
0,1,0,1,0,0,0,0,1,0,0,1,0,0,0,0,1,1,0,0,0,0,0,0,1,1,0,0,0,0,0,0,1,1,0,0,0,0,0,0,1,1,0,0,0,0,0,0,1,1,0,0,0,0,0,0,
0,1,0,1,0,0,0,1,1,0,0,1,0,0,0,1,1,1,0,0,0,0,0,1,1,1,0,0,0,0,0,1,1,1,0,1,0,0,0,0,1,1,0,1,0,0,0,0,1,1,1,0,0,0,0,0,
0,1,0,1,0,0,1,0,1,0,0,1,0,0,0,1,1,1,0,0,0,0,0,1,1,1,0,0,0,0,0,1,1,1,0,1,0,0,0,0,1,1,0,1,0,0,0,0,1,1,1,0,0,0,0,0,
0,1,0,1,0,0,1,1,1,0,0,1,0,0,1,1,1,1,0,0,0,0,1,1,1,1,0,0,0,0,1,1,1,1,1,1,0,0,0,0,1,1,1,1,0,0,0,0,1,1,1,1,0,0,0,0,
0,1,0,1,0,1,0,0,1,0,0,1,1,0,0,0,1,1,0,0,0,0,1,0,1,1,0,0,0,0,0,1,1,1,0,1,0,0,0,0,1,1,0,1,0,0,0,0,1,1,1,0,0,0,0,0,
0,1,0,1,0,1,0,1,1,0,0,1,1,0,0,1,1,1,0,0,0,0,1,1,1,1,0,0,0,0,1,1,1,1,1,1,0,0,0,0,1,1,1,1,0,0,0,0,1,1,1,1,0,0,0,0,
0,1,0,1,0,1,1,0,1,0,0,1,1,0,0,1,1,1,0,0,0,0,1,1,1,1,0,0,0,0,1,1,1,1,1,1,0,0,0,0,1,1,1,1,0,0,0,0,1,1,1,1,0,0,0,0,
0,1,0,1,0,1,1,1,1,0,0,1,1,0,1,1,1,1,0,0,1,0,1,1,1,1,0,0,0,1,1,1,1,1,1,1,0,1,0,0,1,1,1,1,0,1,0,0,1,1,1,1,1,0,0,0,
0,1,0,1,1,0,0,0,1,0,0,1,1,0,0,0,1,1,0,0,0,0,1,0,1,1,0,0,0,0,0,1,1,1,0,1,0,0,0,0,1,1,0,1,0,0,0,0,1,1,1,0,0,0,0,0,
0,1,0,1,1,0,0,1,1,0,0,1,1,0,0,1,1,1,0,0,0,0,1,1,1,1,0,0,0,0,1,1,1,1,1,1,0,0,0,0,1,1,1,1,0,0,0,0,1,1,1,1,0,0,0,0,
0,1,0,1,1,0,1,0,1,0,0,1,1,0,0,1,1,1,0,0,0,0,1,1,1,1,0,0,0,0,1,1,1,1,1,1,0,0,0,0,1,1,1,1,0,0,0,0,1,1,1,1,0,0,0,0,
0,1,0,1,1,0,1,1,1,0,0,1,1,0,1,1,1,1,0,0,1,0,1,1,1,1,0,0,0,1,1,1,1,1,1,1,0,1,0,0,1,1,1,1,0,1,0,0,1,1,1,1,1,0,0,0,
0,1,0,1,1,1,0,0,1,0,0,1,1,1,0,0,1,1,0,0,0,0,1,1,1,1,0,0,0,0,1,1,1,1,1,1,0,0,0,0,1,1,1,1,0,0,0,0,1,1,1,1,0,0,0,0,
0,1,0,1,1,1,0,1,1,0,0,1,1,1,0,1,1,1,0,0,0,1,1,1,1,1,0,0,0,1,1,1,1,1,1,1,0,1,0,0,1,1,1,1,0,1,0,0,1,1,1,1,1,0,0,0,
0,1,0,1,1,1,1,0,1,0,0,1,1,1,0,1,1,1,0,0,0,1,1,1,1,1,0,0,0,1,1,1,1,1,1,1,0,1,0,0,1,1,1,1,0,1,0,0,1,1,1,1,1,0,0,0,
0,1,0,1,1,1,1,1,1,0,0,1,1,1,1,1,1,1,0,0,1,1,1,1,1,1,0,0,1,1,1,1,1,1,1,1,1,1,0,0,1,1,1,1,1,1,0,0,1,1,1,1,1,1,0,0,
0,1,1,0,0,0,0,0,1,0,0,1,0,0,0,0,1,1,0,0,0,0,0,0,1,1,0,0,0,0,0,0,1,1,0,0,0,0,0,0,1,1,0,0,0,0,0,0,1,1,0,0,0,0,0,0,
0,1,1,0,0,0,0,1,1,0,0,1,0,0,0,1,1,1,0,0,0,0,0,1,1,1,0,0,0,0,0,1,1,1,0,1,0,0,0,0,1,1,0,1,0,0,0,0,1,1,1,0,0,0,0,0,
0,1,1,0,0,0,1,0,1,0,0,1,0,0,0,1,1,1,0,0,0,0,0,1,1,1,0,0,0,0,0,1,1,1,0,1,0,0,0,0,1,1,0,1,0,0,0,0,1,1,1,0,0,0,0,0,
0,1,1,0,0,0,1,1,1,0,0,1,0,0,1,1,1,1,0,0,0,0,1,1,1,1,0,0,0,0,1,1,1,1,1,1,0,0,0,0,1,1,1,1,0,0,0,0,1,1,1,1,0,0,0,0,
0,1,1,0,0,1,0,0,1,0,0,1,1,0,0,0,1,1,0,0,0,0,1,0,1,1,0,0,0,0,0,1,1,1,0,1,0,0,0,0,1,1,0,1,0,0,0,0,1,1,1,0,0,0,0,0,
0,1,1,0,0,1,0,1,1,0,0,1,1,0,0,1,1,1,0,0,0,0,1,1,1,1,0,0,0,0,1,1,1,1,1,1,0,0,0,0,1,1,1,1,0,0,0,0,1,1,1,1,0,0,0,0,
0,1,1,0,0,1,1,0,1,0,0,1,1,0,0,1,1,1,0,0,0,0,1,1,1,1,0,0,0,0,1,1,1,1,1,1,0,0,0,0,1,1,1,1,0,0,0,0,1,1,1,1,0,0,0,0,
0,1,1,0,0,1,1,1,1,0,0,1,1,0,1,1,1,1,0,0,1,0,1,1,1,1,0,0,0,1,1,1,1,1,1,1,0,1,0,0,1,1,1,1,0,1,0,0,1,1,1,1,1,0,0,0,
0,1,1,0,1,0,0,0,1,0,0,1,1,0,0,0,1,1,0,0,0,0,1,0,1,1,0,0,0,0,0,1,1,1,0,1,0,0,0,0,1,1,0,1,0,0,0,0,1,1,1,0,0,0,0,0,
0,1,1,0,1,0,0,1,1,0,0,1,1,0,0,1,1,1,0,0,0,0,1,1,1,1,0,0,0,0,1,1,1,1,1,1,0,0,0,0,1,1,1,1,0,0,0,0,1,1,1,1,0,0,0,0,
0,1,1,0,1,0,1,0,1,0,0,1,1,0,0,1,1,1,0,0,0,0,1,1,1,1,0,0,0,0,1,1,1,1,1,1,0,0,0,0,1,1,1,1,0,0,0,0,1,1,1,1,0,0,0,0,
0,1,1,0,1,0,1,1,1,0,0,1,1,0,1,1,1,1,0,0,1,0,1,1,1,1,0,0,0,1,1,1,1,1,1,1,0,1,0,0,1,1,1,1,0,1,0,0,1,1,1,1,1,0,0,0,
0,1,1,0,1,1,0,0,1,0,0,1,1,1,0,0,1,1,0,0,0,0,1,1,1,1,0,0,0,0,1,1,1,1,1,1,0,0,0,0,1,1,1,1,0,0,0,0,1,1,1,1,0,0,0,0,
0,1,1,0,1,1,0,1,1,0,0,1,1,1,0,1,1,1,0,0,0,1,1,1,1,1,0,0,0,1,1,1,1,1,1,1,0,1,0,0,1,1,1,1,0,1,0,0,1,1,1,1,1,0,0,0,
0,1,1,0,1,1,1,0,1,0,0,1,1,1,0,1,1,1,0,0,0,1,1,1,1,1,0,0,0,1,1,1,1,1,1,1,0,1,0,0,1,1,1,1,0,1,0,0,1,1,1,1,1,0,0,0,
0,1,1,0,1,1,1,1,1,0,0,1,1,1,1,1,1,1,0,0,1,1,1,1,1,1,0,0,1,1,1,1,1,1,1,1,1,1,0,0,1,1,1,1,1,1,0,0,1,1,1,1,1,1,0,0,
0,1,1,1,0,0,0,0,1,0,1,1,0,0,0,0,1,1,1,0,0,0,0,0,1,1,1,0,0,0,0,0,1,1,1,0,0,0,0,0,1,1,1,0,0,0,0,0,1,1,1,0,0,0,0,0,
0,1,1,1,0,0,0,1,1,0,1,1,0,0,0,1,1,1,1,0,0,0,0,1,1,1,1,0,0,0,0,1,1,1,1,1,0,0,0,0,1,1,1,1,0,0,0,0,1,1,1,1,0,0,0,0,
0,1,1,1,0,0,1,0,1,0,1,1,0,0,0,1,1,1,1,0,0,0,0,1,1,1,1,0,0,0,0,1,1,1,1,1,0,0,0,0,1,1,1,1,0,0,0,0,1,1,1,1,0,0,0,0,
0,1,1,1,0,0,1,1,1,0,1,1,0,0,1,1,1,1,1,0,0,0,1,1,1,1,1,0,0,0,1,1,1,1,1,1,0,0,1,0,1,1,1,1,1,0,0,0,1,1,1,1,1,0,0,0,
0,1,1,1,0,1,0,0,1,0,1,1,1,0,0,0,1,1,1,0,0,0,1,0,1,1,1,0,0,0,0,1,1,1,1,1,0,0,0,0,1,1,1,1,0,0,0,0,1,1,1,1,0,0,0,0,
0,1,1,1,0,1,0,1,1,0,1,1,1,0,0,1,1,1,1,0,0,0,1,1,1,1,1,0,0,0,1,1,1,1,1,1,0,0,1,0,1,1,1,1,1,0,0,0,1,1,1,1,1,0,0,0,
0,1,1,1,0,1,1,0,1,0,1,1,1,0,0,1,1,1,1,0,0,0,1,1,1,1,1,0,0,0,1,1,1,1,1,1,0,0,1,0,1,1,1,1,1,0,0,0,1,1,1,1,1,0,0,0,
0,1,1,1,0,1,1,1,1,0,1,1,1,0,1,1,1,1,1,0,1,0,1,1,1,1,1,0,0,1,1,1,1,1,1,1,0,1,1,0,1,1,1,1,1,1,0,0,1,1,1,1,1,1,0,0,
0,1,1,1,1,0,0,0,1,0,1,1,1,0,0,0,1,1,1,0,0,0,1,0,1,1,1,0,0,0,0,1,1,1,1,1,0,0,0,0,1,1,1,1,0,0,0,0,1,1,1,1,0,0,0,0,
0,1,1,1,1,0,0,1,1,0,1,1,1,0,0,1,1,1,1,0,0,0,1,1,1,1,1,0,0,0,1,1,1,1,1,1,0,0,1,0,1,1,1,1,1,0,0,0,1,1,1,1,1,0,0,0,
0,1,1,1,1,0,1,0,1,0,1,1,1,0,0,1,1,1,1,0,0,0,1,1,1,1,1,0,0,0,1,1,1,1,1,1,0,0,1,0,1,1,1,1,1,0,0,0,1,1,1,1,1,0,0,0,
0,1,1,1,1,0,1,1,1,0,1,1,1,0,1,1,1,1,1,0,1,0,1,1,1,1,1,0,0,1,1,1,1,1,1,1,0,1,1,0,1,1,1,1,1,1,0,0,1,1,1,1,1,1,0,0,
0,1,1,1,1,1,0,0,1,0,1,1,1,1,0,0,1,1,1,0,0,0,1,1,1,1,1,0,0,0,1,1,1,1,1,1,0,0,1,0,1,1,1,1,1,0,0,0,1,1,1,1,1,0,0,0,
0,1,1,1,1,1,0,1,1,0,1,1,1,1,0,1,1,1,1,0,0,1,1,1,1,1,1,0,0,1,1,1,1,1,1,1,0,1,1,0,1,1,1,1,1,1,0,0,1,1,1,1,1,1,0,0,
0,1,1,1,1,1,1,0,1,0,1,1,1,1,0,1,1,1,1,0,0,1,1,1,1,1,1,0,0,1,1,1,1,1,1,1,0,1,1,0,1,1,1,1,1,1,0,0,1,1,1,1,1,1,0,0,
0,1,1,1,1,1,1,1,1,0,1,1,1,1,1,1,1,1,1,0,1,1,1,1,1,1,1,0,1,1,1,1,1,1,1,1,1,1,1,0,1,1,1,1,1,1,1,0,1,1,1,1,1,1,1,0,
1,0,0,0,0,0,0,0,1,0,0,0,0,0,0,0,1,0,0,0,0,0,0,0,1,0,0,0,0,0,0,0,1,0,0,0,0,0,0,0,1,0,0,0,0,0,0,0,1,0,0,0,0,0,0,0,
1,0,0,0,0,0,0,1,1,0,0,0,0,0,0,1,1,0,0,0,0,0,0,1,1,0,0,0,0,0,0,1,1,0,0,1,0,0,0,0,1,1,0,0,0,0,0,0,1,1,0,0,0,0,0,0,
1,0,0,0,0,0,1,0,1,0,0,0,0,0,0,1,1,0,0,0,0,0,0,1,1,0,0,0,0,0,0,1,1,0,0,1,0,0,0,0,1,1,0,0,0,0,0,0,1,1,0,0,0,0,0,0,
1,0,0,0,0,0,1,1,1,0,0,0,0,0,1,1,1,0,0,0,0,0,1,1,1,0,0,0,0,0,1,1,1,0,1,1,0,0,0,0,1,1,1,0,0,0,0,0,1,1,1,0,0,0,0,0,
1,0,0,0,0,1,0,0,1,0,0,0,1,0,0,0,1,0,0,0,0,0,1,0,1,0,0,0,0,0,0,1,1,0,0,1,0,0,0,0,1,1,0,0,0,0,0,0,1,1,0,0,0,0,0,0,
1,0,0,0,0,1,0,1,1,0,0,0,1,0,0,1,1,0,0,0,0,0,1,1,1,0,0,0,0,0,1,1,1,0,1,1,0,0,0,0,1,1,1,0,0,0,0,0,1,1,1,0,0,0,0,0,
1,0,0,0,0,1,1,0,1,0,0,0,1,0,0,1,1,0,0,0,0,0,1,1,1,0,0,0,0,0,1,1,1,0,1,1,0,0,0,0,1,1,1,0,0,0,0,0,1,1,1,0,0,0,0,0,
1,0,0,0,0,1,1,1,1,0,0,0,1,0,1,1,1,0,0,0,1,0,1,1,1,0,0,0,0,1,1,1,1,1,1,1,0,0,0,0,1,1,1,1,0,0,0,0,1,1,1,1,0,0,0,0,
1,0,0,0,1,0,0,0,1,0,0,0,1,0,0,0,1,0,0,0,0,0,1,0,1,0,0,0,0,0,0,1,1,0,0,1,0,0,0,0,1,1,0,0,0,0,0,0,1,1,0,0,0,0,0,0,
1,0,0,0,1,0,0,1,1,0,0,0,1,0,0,1,1,0,0,0,0,0,1,1,1,0,0,0,0,0,1,1,1,0,1,1,0,0,0,0,1,1,1,0,0,0,0,0,1,1,1,0,0,0,0,0,
1,0,0,0,1,0,1,0,1,0,0,0,1,0,0,1,1,0,0,0,0,0,1,1,1,0,0,0,0,0,1,1,1,0,1,1,0,0,0,0,1,1,1,0,0,0,0,0,1,1,1,0,0,0,0,0,
1,0,0,0,1,0,1,1,1,0,0,0,1,0,1,1,1,0,0,0,1,0,1,1,1,0,0,0,0,1,1,1,1,1,1,1,0,0,0,0,1,1,1,1,0,0,0,0,1,1,1,1,0,0,0,0,
1,0,0,0,1,1,0,0,1,0,0,0,1,1,0,0,1,0,0,0,0,0,1,1,1,0,0,0,0,0,1,1,1,0,1,1,0,0,0,0,1,1,1,0,0,0,0,0,1,1,1,0,0,0,0,0,
1,0,0,0,1,1,0,1,1,0,0,0,1,1,0,1,1,0,0,0,0,1,1,1,1,0,0,0,0,1,1,1,1,1,1,1,0,0,0,0,1,1,1,1,0,0,0,0,1,1,1,1,0,0,0,0,
1,0,0,0,1,1,1,0,1,0,0,0,1,1,0,1,1,0,0,0,0,1,1,1,1,0,0,0,0,1,1,1,1,1,1,1,0,0,0,0,1,1,1,1,0,0,0,0,1,1,1,1,0,0,0,0,
1,0,0,0,1,1,1,1,1,0,0,0,1,1,1,1,1,0,0,0,1,1,1,1,1,0,0,0,1,1,1,1,1,1,1,1,1,0,0,0,1,1,1,1,1,0,0,0,1,1,1,1,1,0,0,0,
1,0,0,1,0,0,0,0,1,0,0,1,0,0,0,0,1,1,0,0,0,0,0,0,1,1,0,0,0,0,0,0,1,1,0,0,0,0,0,0,1,1,0,0,0,0,0,0,1,1,0,0,0,0,0,0,
1,0,0,1,0,0,0,1,1,0,0,1,0,0,0,1,1,1,0,0,0,0,0,1,1,1,0,0,0,0,0,1,1,1,0,1,0,0,0,0,1,1,0,1,0,0,0,0,1,1,1,0,0,0,0,0,
1,0,0,1,0,0,1,0,1,0,0,1,0,0,0,1,1,1,0,0,0,0,0,1,1,1,0,0,0,0,0,1,1,1,0,1,0,0,0,0,1,1,0,1,0,0,0,0,1,1,1,0,0,0,0,0,
1,0,0,1,0,0,1,1,1,0,0,1,0,0,1,1,1,1,0,0,0,0,1,1,1,1,0,0,0,0,1,1,1,1,1,1,0,0,0,0,1,1,1,1,0,0,0,0,1,1,1,1,0,0,0,0,
1,0,0,1,0,1,0,0,1,0,0,1,1,0,0,0,1,1,0,0,0,0,1,0,1,1,0,0,0,0,0,1,1,1,0,1,0,0,0,0,1,1,0,1,0,0,0,0,1,1,1,0,0,0,0,0,
1,0,0,1,0,1,0,1,1,0,0,1,1,0,0,1,1,1,0,0,0,0,1,1,1,1,0,0,0,0,1,1,1,1,1,1,0,0,0,0,1,1,1,1,0,0,0,0,1,1,1,1,0,0,0,0,
1,0,0,1,0,1,1,0,1,0,0,1,1,0,0,1,1,1,0,0,0,0,1,1,1,1,0,0,0,0,1,1,1,1,1,1,0,0,0,0,1,1,1,1,0,0,0,0,1,1,1,1,0,0,0,0,
1,0,0,1,0,1,1,1,1,0,0,1,1,0,1,1,1,1,0,0,1,0,1,1,1,1,0,0,0,1,1,1,1,1,1,1,0,1,0,0,1,1,1,1,0,1,0,0,1,1,1,1,1,0,0,0,
1,0,0,1,1,0,0,0,1,0,0,1,1,0,0,0,1,1,0,0,0,0,1,0,1,1,0,0,0,0,0,1,1,1,0,1,0,0,0,0,1,1,0,1,0,0,0,0,1,1,1,0,0,0,0,0,
1,0,0,1,1,0,0,1,1,0,0,1,1,0,0,1,1,1,0,0,0,0,1,1,1,1,0,0,0,0,1,1,1,1,1,1,0,0,0,0,1,1,1,1,0,0,0,0,1,1,1,1,0,0,0,0,
1,0,0,1,1,0,1,0,1,0,0,1,1,0,0,1,1,1,0,0,0,0,1,1,1,1,0,0,0,0,1,1,1,1,1,1,0,0,0,0,1,1,1,1,0,0,0,0,1,1,1,1,0,0,0,0,
1,0,0,1,1,0,1,1,1,0,0,1,1,0,1,1,1,1,0,0,1,0,1,1,1,1,0,0,0,1,1,1,1,1,1,1,0,1,0,0,1,1,1,1,0,1,0,0,1,1,1,1,1,0,0,0,
1,0,0,1,1,1,0,0,1,0,0,1,1,1,0,0,1,1,0,0,0,0,1,1,1,1,0,0,0,0,1,1,1,1,1,1,0,0,0,0,1,1,1,1,0,0,0,0,1,1,1,1,0,0,0,0,
1,0,0,1,1,1,0,1,1,0,0,1,1,1,0,1,1,1,0,0,0,1,1,1,1,1,0,0,0,1,1,1,1,1,1,1,0,1,0,0,1,1,1,1,0,1,0,0,1,1,1,1,1,0,0,0,
1,0,0,1,1,1,1,0,1,0,0,1,1,1,0,1,1,1,0,0,0,1,1,1,1,1,0,0,0,1,1,1,1,1,1,1,0,1,0,0,1,1,1,1,0,1,0,0,1,1,1,1,1,0,0,0,
1,0,0,1,1,1,1,1,1,0,0,1,1,1,1,1,1,1,0,0,1,1,1,1,1,1,0,0,1,1,1,1,1,1,1,1,1,1,0,0,1,1,1,1,1,1,0,0,1,1,1,1,1,1,0,0,
1,0,1,0,0,0,0,0,1,0,0,1,0,0,0,0,1,1,0,0,0,0,0,0,1,1,0,0,0,0,0,0,1,1,0,0,0,0,0,0,1,1,0,0,0,0,0,0,1,1,0,0,0,0,0,0,
1,0,1,0,0,0,0,1,1,0,0,1,0,0,0,1,1,1,0,0,0,0,0,1,1,1,0,0,0,0,0,1,1,1,0,1,0,0,0,0,1,1,0,1,0,0,0,0,1,1,1,0,0,0,0,0,
1,0,1,0,0,0,1,0,1,0,0,1,0,0,0,1,1,1,0,0,0,0,0,1,1,1,0,0,0,0,0,1,1,1,0,1,0,0,0,0,1,1,0,1,0,0,0,0,1,1,1,0,0,0,0,0,
1,0,1,0,0,0,1,1,1,0,0,1,0,0,1,1,1,1,0,0,0,0,1,1,1,1,0,0,0,0,1,1,1,1,1,1,0,0,0,0,1,1,1,1,0,0,0,0,1,1,1,1,0,0,0,0,
1,0,1,0,0,1,0,0,1,0,0,1,1,0,0,0,1,1,0,0,0,0,1,0,1,1,0,0,0,0,0,1,1,1,0,1,0,0,0,0,1,1,0,1,0,0,0,0,1,1,1,0,0,0,0,0,
1,0,1,0,0,1,0,1,1,0,0,1,1,0,0,1,1,1,0,0,0,0,1,1,1,1,0,0,0,0,1,1,1,1,1,1,0,0,0,0,1,1,1,1,0,0,0,0,1,1,1,1,0,0,0,0,
1,0,1,0,0,1,1,0,1,0,0,1,1,0,0,1,1,1,0,0,0,0,1,1,1,1,0,0,0,0,1,1,1,1,1,1,0,0,0,0,1,1,1,1,0,0,0,0,1,1,1,1,0,0,0,0,
1,0,1,0,0,1,1,1,1,0,0,1,1,0,1,1,1,1,0,0,1,0,1,1,1,1,0,0,0,1,1,1,1,1,1,1,0,1,0,0,1,1,1,1,0,1,0,0,1,1,1,1,1,0,0,0,
1,0,1,0,1,0,0,0,1,0,0,1,1,0,0,0,1,1,0,0,0,0,1,0,1,1,0,0,0,0,0,1,1,1,0,1,0,0,0,0,1,1,0,1,0,0,0,0,1,1,1,0,0,0,0,0,
1,0,1,0,1,0,0,1,1,0,0,1,1,0,0,1,1,1,0,0,0,0,1,1,1,1,0,0,0,0,1,1,1,1,1,1,0,0,0,0,1,1,1,1,0,0,0,0,1,1,1,1,0,0,0,0,
1,0,1,0,1,0,1,0,1,0,0,1,1,0,0,1,1,1,0,0,0,0,1,1,1,1,0,0,0,0,1,1,1,1,1,1,0,0,0,0,1,1,1,1,0,0,0,0,1,1,1,1,0,0,0,0,
1,0,1,0,1,0,1,1,1,0,0,1,1,0,1,1,1,1,0,0,1,0,1,1,1,1,0,0,0,1,1,1,1,1,1,1,0,1,0,0,1,1,1,1,0,1,0,0,1,1,1,1,1,0,0,0,
1,0,1,0,1,1,0,0,1,0,0,1,1,1,0,0,1,1,0,0,0,0,1,1,1,1,0,0,0,0,1,1,1,1,1,1,0,0,0,0,1,1,1,1,0,0,0,0,1,1,1,1,0,0,0,0,
1,0,1,0,1,1,0,1,1,0,0,1,1,1,0,1,1,1,0,0,0,1,1,1,1,1,0,0,0,1,1,1,1,1,1,1,0,1,0,0,1,1,1,1,0,1,0,0,1,1,1,1,1,0,0,0,
1,0,1,0,1,1,1,0,1,0,0,1,1,1,0,1,1,1,0,0,0,1,1,1,1,1,0,0,0,1,1,1,1,1,1,1,0,1,0,0,1,1,1,1,0,1,0,0,1,1,1,1,1,0,0,0,
1,0,1,0,1,1,1,1,1,0,0,1,1,1,1,1,1,1,0,0,1,1,1,1,1,1,0,0,1,1,1,1,1,1,1,1,1,1,0,0,1,1,1,1,1,1,0,0,1,1,1,1,1,1,0,0,
1,0,1,1,0,0,0,0,1,0,1,1,0,0,0,0,1,1,1,0,0,0,0,0,1,1,1,0,0,0,0,0,1,1,1,0,0,0,0,0,1,1,1,0,0,0,0,0,1,1,1,0,0,0,0,0,
1,0,1,1,0,0,0,1,1,0,1,1,0,0,0,1,1,1,1,0,0,0,0,1,1,1,1,0,0,0,0,1,1,1,1,1,0,0,0,0,1,1,1,1,0,0,0,0,1,1,1,1,0,0,0,0,
1,0,1,1,0,0,1,0,1,0,1,1,0,0,0,1,1,1,1,0,0,0,0,1,1,1,1,0,0,0,0,1,1,1,1,1,0,0,0,0,1,1,1,1,0,0,0,0,1,1,1,1,0,0,0,0,
1,0,1,1,0,0,1,1,1,0,1,1,0,0,1,1,1,1,1,0,0,0,1,1,1,1,1,0,0,0,1,1,1,1,1,1,0,0,1,0,1,1,1,1,1,0,0,0,1,1,1,1,1,0,0,0,
1,0,1,1,0,1,0,0,1,0,1,1,1,0,0,0,1,1,1,0,0,0,1,0,1,1,1,0,0,0,0,1,1,1,1,1,0,0,0,0,1,1,1,1,0,0,0,0,1,1,1,1,0,0,0,0,
1,0,1,1,0,1,0,1,1,0,1,1,1,0,0,1,1,1,1,0,0,0,1,1,1,1,1,0,0,0,1,1,1,1,1,1,0,0,1,0,1,1,1,1,1,0,0,0,1,1,1,1,1,0,0,0,
1,0,1,1,0,1,1,0,1,0,1,1,1,0,0,1,1,1,1,0,0,0,1,1,1,1,1,0,0,0,1,1,1,1,1,1,0,0,1,0,1,1,1,1,1,0,0,0,1,1,1,1,1,0,0,0,
1,0,1,1,0,1,1,1,1,0,1,1,1,0,1,1,1,1,1,0,1,0,1,1,1,1,1,0,0,1,1,1,1,1,1,1,0,1,1,0,1,1,1,1,1,1,0,0,1,1,1,1,1,1,0,0,
1,0,1,1,1,0,0,0,1,0,1,1,1,0,0,0,1,1,1,0,0,0,1,0,1,1,1,0,0,0,0,1,1,1,1,1,0,0,0,0,1,1,1,1,0,0,0,0,1,1,1,1,0,0,0,0,
1,0,1,1,1,0,0,1,1,0,1,1,1,0,0,1,1,1,1,0,0,0,1,1,1,1,1,0,0,0,1,1,1,1,1,1,0,0,1,0,1,1,1,1,1,0,0,0,1,1,1,1,1,0,0,0,
1,0,1,1,1,0,1,0,1,0,1,1,1,0,0,1,1,1,1,0,0,0,1,1,1,1,1,0,0,0,1,1,1,1,1,1,0,0,1,0,1,1,1,1,1,0,0,0,1,1,1,1,1,0,0,0,
1,0,1,1,1,0,1,1,1,0,1,1,1,0,1,1,1,1,1,0,1,0,1,1,1,1,1,0,0,1,1,1,1,1,1,1,0,1,1,0,1,1,1,1,1,1,0,0,1,1,1,1,1,1,0,0,
1,0,1,1,1,1,0,0,1,0,1,1,1,1,0,0,1,1,1,0,0,0,1,1,1,1,1,0,0,0,1,1,1,1,1,1,0,0,1,0,1,1,1,1,1,0,0,0,1,1,1,1,1,0,0,0,
1,0,1,1,1,1,0,1,1,0,1,1,1,1,0,1,1,1,1,0,0,1,1,1,1,1,1,0,0,1,1,1,1,1,1,1,0,1,1,0,1,1,1,1,1,1,0,0,1,1,1,1,1,1,0,0,
1,0,1,1,1,1,1,0,1,0,1,1,1,1,0,1,1,1,1,0,0,1,1,1,1,1,1,0,0,1,1,1,1,1,1,1,0,1,1,0,1,1,1,1,1,1,0,0,1,1,1,1,1,1,0,0,
1,0,1,1,1,1,1,1,1,0,1,1,1,1,1,1,1,1,1,0,1,1,1,1,1,1,1,0,1,1,1,1,1,1,1,1,1,1,1,0,1,1,1,1,1,1,1,0,1,1,1,1,1,1,1,0,
1,1,0,0,0,0,0,0,1,1,0,0,0,0,0,0,1,1,0,0,0,0,0,0,1,1,0,0,0,0,0,0,1,1,0,0,0,0,0,0,1,1,0,0,0,0,0,0,1,1,0,0,0,0,0,0,
1,1,0,0,0,0,0,1,1,1,0,0,0,0,0,1,1,1,0,0,0,0,0,1,1,1,0,0,0,0,0,1,1,1,0,1,0,0,0,0,1,1,0,1,0,0,0,0,1,1,1,0,0,0,0,0,
1,1,0,0,0,0,1,0,1,1,0,0,0,0,0,1,1,1,0,0,0,0,0,1,1,1,0,0,0,0,0,1,1,1,0,1,0,0,0,0,1,1,0,1,0,0,0,0,1,1,1,0,0,0,0,0,
1,1,0,0,0,0,1,1,1,1,0,0,0,0,1,1,1,1,0,0,0,0,1,1,1,1,0,0,0,0,1,1,1,1,1,1,0,0,0,0,1,1,1,1,0,0,0,0,1,1,1,1,0,0,0,0,
1,1,0,0,0,1,0,0,1,1,0,0,1,0,0,0,1,1,0,0,0,0,1,0,1,1,0,0,0,0,0,1,1,1,0,1,0,0,0,0,1,1,0,1,0,0,0,0,1,1,1,0,0,0,0,0,
1,1,0,0,0,1,0,1,1,1,0,0,1,0,0,1,1,1,0,0,0,0,1,1,1,1,0,0,0,0,1,1,1,1,1,1,0,0,0,0,1,1,1,1,0,0,0,0,1,1,1,1,0,0,0,0,
1,1,0,0,0,1,1,0,1,1,0,0,1,0,0,1,1,1,0,0,0,0,1,1,1,1,0,0,0,0,1,1,1,1,1,1,0,0,0,0,1,1,1,1,0,0,0,0,1,1,1,1,0,0,0,0,
1,1,0,0,0,1,1,1,1,1,0,0,1,0,1,1,1,1,0,0,1,0,1,1,1,1,0,0,0,1,1,1,1,1,1,1,0,1,0,0,1,1,1,1,0,1,0,0,1,1,1,1,1,0,0,0,
1,1,0,0,1,0,0,0,1,1,0,0,1,0,0,0,1,1,0,0,0,0,1,0,1,1,0,0,0,0,0,1,1,1,0,1,0,0,0,0,1,1,0,1,0,0,0,0,1,1,1,0,0,0,0,0,
1,1,0,0,1,0,0,1,1,1,0,0,1,0,0,1,1,1,0,0,0,0,1,1,1,1,0,0,0,0,1,1,1,1,1,1,0,0,0,0,1,1,1,1,0,0,0,0,1,1,1,1,0,0,0,0,
1,1,0,0,1,0,1,0,1,1,0,0,1,0,0,1,1,1,0,0,0,0,1,1,1,1,0,0,0,0,1,1,1,1,1,1,0,0,0,0,1,1,1,1,0,0,0,0,1,1,1,1,0,0,0,0,
1,1,0,0,1,0,1,1,1,1,0,0,1,0,1,1,1,1,0,0,1,0,1,1,1,1,0,0,0,1,1,1,1,1,1,1,0,1,0,0,1,1,1,1,0,1,0,0,1,1,1,1,1,0,0,0,
1,1,0,0,1,1,0,0,1,1,0,0,1,1,0,0,1,1,0,0,0,0,1,1,1,1,0,0,0,0,1,1,1,1,1,1,0,0,0,0,1,1,1,1,0,0,0,0,1,1,1,1,0,0,0,0,
1,1,0,0,1,1,0,1,1,1,0,0,1,1,0,1,1,1,0,0,0,1,1,1,1,1,0,0,0,1,1,1,1,1,1,1,0,1,0,0,1,1,1,1,0,1,0,0,1,1,1,1,1,0,0,0,
1,1,0,0,1,1,1,0,1,1,0,0,1,1,0,1,1,1,0,0,0,1,1,1,1,1,0,0,0,1,1,1,1,1,1,1,0,1,0,0,1,1,1,1,0,1,0,0,1,1,1,1,1,0,0,0,
1,1,0,0,1,1,1,1,1,1,0,0,1,1,1,1,1,1,0,0,1,1,1,1,1,1,0,0,1,1,1,1,1,1,1,1,1,1,0,0,1,1,1,1,1,1,0,0,1,1,1,1,1,1,0,0,
1,1,0,1,0,0,0,0,1,1,0,1,0,0,0,0,1,1,0,1,0,0,0,0,1,1,1,0,0,0,0,0,1,1,1,0,0,0,0,0,1,1,1,0,0,0,0,0,1,1,1,0,0,0,0,0,
1,1,0,1,0,0,0,1,1,1,0,1,0,0,0,1,1,1,0,1,0,0,0,1,1,1,1,0,0,0,0,1,1,1,1,1,0,0,0,0,1,1,1,1,0,0,0,0,1,1,1,1,0,0,0,0,
1,1,0,1,0,0,1,0,1,1,0,1,0,0,0,1,1,1,0,1,0,0,0,1,1,1,1,0,0,0,0,1,1,1,1,1,0,0,0,0,1,1,1,1,0,0,0,0,1,1,1,1,0,0,0,0,
1,1,0,1,0,0,1,1,1,1,0,1,0,0,1,1,1,1,0,1,0,0,1,1,1,1,1,0,0,0,1,1,1,1,1,1,0,0,1,0,1,1,1,1,1,0,0,0,1,1,1,1,1,0,0,0,
1,1,0,1,0,1,0,0,1,1,0,1,1,0,0,0,1,1,0,1,0,0,1,0,1,1,1,0,0,0,0,1,1,1,1,1,0,0,0,0,1,1,1,1,0,0,0,0,1,1,1,1,0,0,0,0,
1,1,0,1,0,1,0,1,1,1,0,1,1,0,0,1,1,1,0,1,0,0,1,1,1,1,1,0,0,0,1,1,1,1,1,1,0,0,1,0,1,1,1,1,1,0,0,0,1,1,1,1,1,0,0,0,
1,1,0,1,0,1,1,0,1,1,0,1,1,0,0,1,1,1,0,1,0,0,1,1,1,1,1,0,0,0,1,1,1,1,1,1,0,0,1,0,1,1,1,1,1,0,0,0,1,1,1,1,1,0,0,0,
1,1,0,1,0,1,1,1,1,1,0,1,1,0,1,1,1,1,0,1,1,0,1,1,1,1,1,0,0,1,1,1,1,1,1,1,0,1,1,0,1,1,1,1,1,1,0,0,1,1,1,1,1,1,0,0,
1,1,0,1,1,0,0,0,1,1,0,1,1,0,0,0,1,1,0,1,0,0,1,0,1,1,1,0,0,0,0,1,1,1,1,1,0,0,0,0,1,1,1,1,0,0,0,0,1,1,1,1,0,0,0,0,
1,1,0,1,1,0,0,1,1,1,0,1,1,0,0,1,1,1,0,1,0,0,1,1,1,1,1,0,0,0,1,1,1,1,1,1,0,0,1,0,1,1,1,1,1,0,0,0,1,1,1,1,1,0,0,0,
1,1,0,1,1,0,1,0,1,1,0,1,1,0,0,1,1,1,0,1,0,0,1,1,1,1,1,0,0,0,1,1,1,1,1,1,0,0,1,0,1,1,1,1,1,0,0,0,1,1,1,1,1,0,0,0,
1,1,0,1,1,0,1,1,1,1,0,1,1,0,1,1,1,1,0,1,1,0,1,1,1,1,1,0,0,1,1,1,1,1,1,1,0,1,1,0,1,1,1,1,1,1,0,0,1,1,1,1,1,1,0,0,
1,1,0,1,1,1,0,0,1,1,0,1,1,1,0,0,1,1,0,1,0,0,1,1,1,1,1,0,0,0,1,1,1,1,1,1,0,0,1,0,1,1,1,1,1,0,0,0,1,1,1,1,1,0,0,0,
1,1,0,1,1,1,0,1,1,1,0,1,1,1,0,1,1,1,0,1,0,1,1,1,1,1,1,0,0,1,1,1,1,1,1,1,0,1,1,0,1,1,1,1,1,1,0,0,1,1,1,1,1,1,0,0,
1,1,0,1,1,1,1,0,1,1,0,1,1,1,0,1,1,1,0,1,0,1,1,1,1,1,1,0,0,1,1,1,1,1,1,1,0,1,1,0,1,1,1,1,1,1,0,0,1,1,1,1,1,1,0,0,
1,1,0,1,1,1,1,1,1,1,0,1,1,1,1,1,1,1,0,1,1,1,1,1,1,1,1,0,1,1,1,1,1,1,1,1,1,1,1,0,1,1,1,1,1,1,1,0,1,1,1,1,1,1,1,0,
1,1,1,0,0,0,0,0,1,1,0,1,0,0,0,0,1,1,0,1,0,0,0,0,1,1,1,0,0,0,0,0,1,1,1,0,0,0,0,0,1,1,1,0,0,0,0,0,1,1,1,0,0,0,0,0,
1,1,1,0,0,0,0,1,1,1,0,1,0,0,0,1,1,1,0,1,0,0,0,1,1,1,1,0,0,0,0,1,1,1,1,1,0,0,0,0,1,1,1,1,0,0,0,0,1,1,1,1,0,0,0,0,
1,1,1,0,0,0,1,0,1,1,0,1,0,0,0,1,1,1,0,1,0,0,0,1,1,1,1,0,0,0,0,1,1,1,1,1,0,0,0,0,1,1,1,1,0,0,0,0,1,1,1,1,0,0,0,0,
1,1,1,0,0,0,1,1,1,1,0,1,0,0,1,1,1,1,0,1,0,0,1,1,1,1,1,0,0,0,1,1,1,1,1,1,0,0,1,0,1,1,1,1,1,0,0,0,1,1,1,1,1,0,0,0,
1,1,1,0,0,1,0,0,1,1,0,1,1,0,0,0,1,1,0,1,0,0,1,0,1,1,1,0,0,0,0,1,1,1,1,1,0,0,0,0,1,1,1,1,0,0,0,0,1,1,1,1,0,0,0,0,
1,1,1,0,0,1,0,1,1,1,0,1,1,0,0,1,1,1,0,1,0,0,1,1,1,1,1,0,0,0,1,1,1,1,1,1,0,0,1,0,1,1,1,1,1,0,0,0,1,1,1,1,1,0,0,0,
1,1,1,0,0,1,1,0,1,1,0,1,1,0,0,1,1,1,0,1,0,0,1,1,1,1,1,0,0,0,1,1,1,1,1,1,0,0,1,0,1,1,1,1,1,0,0,0,1,1,1,1,1,0,0,0,
1,1,1,0,0,1,1,1,1,1,0,1,1,0,1,1,1,1,0,1,1,0,1,1,1,1,1,0,0,1,1,1,1,1,1,1,0,1,1,0,1,1,1,1,1,1,0,0,1,1,1,1,1,1,0,0,
1,1,1,0,1,0,0,0,1,1,0,1,1,0,0,0,1,1,0,1,0,0,1,0,1,1,1,0,0,0,0,1,1,1,1,1,0,0,0,0,1,1,1,1,0,0,0,0,1,1,1,1,0,0,0,0,
1,1,1,0,1,0,0,1,1,1,0,1,1,0,0,1,1,1,0,1,0,0,1,1,1,1,1,0,0,0,1,1,1,1,1,1,0,0,1,0,1,1,1,1,1,0,0,0,1,1,1,1,1,0,0,0,
1,1,1,0,1,0,1,0,1,1,0,1,1,0,0,1,1,1,0,1,0,0,1,1,1,1,1,0,0,0,1,1,1,1,1,1,0,0,1,0,1,1,1,1,1,0,0,0,1,1,1,1,1,0,0,0,
1,1,1,0,1,0,1,1,1,1,0,1,1,0,1,1,1,1,0,1,1,0,1,1,1,1,1,0,0,1,1,1,1,1,1,1,0,1,1,0,1,1,1,1,1,1,0,0,1,1,1,1,1,1,0,0,
1,1,1,0,1,1,0,0,1,1,0,1,1,1,0,0,1,1,0,1,0,0,1,1,1,1,1,0,0,0,1,1,1,1,1,1,0,0,1,0,1,1,1,1,1,0,0,0,1,1,1,1,1,0,0,0,
1,1,1,0,1,1,0,1,1,1,0,1,1,1,0,1,1,1,0,1,0,1,1,1,1,1,1,0,0,1,1,1,1,1,1,1,0,1,1,0,1,1,1,1,1,1,0,0,1,1,1,1,1,1,0,0,
1,1,1,0,1,1,1,0,1,1,0,1,1,1,0,1,1,1,0,1,0,1,1,1,1,1,1,0,0,1,1,1,1,1,1,1,0,1,1,0,1,1,1,1,1,1,0,0,1,1,1,1,1,1,0,0,
1,1,1,0,1,1,1,1,1,1,0,1,1,1,1,1,1,1,0,1,1,1,1,1,1,1,1,0,1,1,1,1,1,1,1,1,1,1,1,0,1,1,1,1,1,1,1,0,1,1,1,1,1,1,1,0,
1,1,1,1,0,0,0,0,1,1,1,1,0,0,0,0,1,1,1,1,0,0,0,0,1,1,1,1,0,0,0,0,1,1,1,1,0,0,0,0,1,1,1,1,0,0,0,0,1,1,1,1,0,0,0,0,
1,1,1,1,0,0,0,1,1,1,1,1,0,0,0,1,1,1,1,1,0,0,0,1,1,1,1,1,0,0,0,1,1,1,1,1,0,0,0,1,1,1,1,1,0,1,0,0,1,1,1,1,1,0,0,0,
1,1,1,1,0,0,1,0,1,1,1,1,0,0,0,1,1,1,1,1,0,0,0,1,1,1,1,1,0,0,0,1,1,1,1,1,0,0,0,1,1,1,1,1,0,1,0,0,1,1,1,1,1,0,0,0,
1,1,1,1,0,0,1,1,1,1,1,1,0,0,1,1,1,1,1,1,0,0,1,1,1,1,1,1,0,0,1,1,1,1,1,1,0,0,1,1,1,1,1,1,1,1,0,0,1,1,1,1,1,1,0,0,
1,1,1,1,0,1,0,0,1,1,1,1,1,0,0,0,1,1,1,1,0,0,1,0,1,1,1,1,0,0,0,1,1,1,1,1,0,0,0,1,1,1,1,1,0,1,0,0,1,1,1,1,1,0,0,0,
1,1,1,1,0,1,0,1,1,1,1,1,1,0,0,1,1,1,1,1,0,0,1,1,1,1,1,1,0,0,1,1,1,1,1,1,0,0,1,1,1,1,1,1,1,1,0,0,1,1,1,1,1,1,0,0,
1,1,1,1,0,1,1,0,1,1,1,1,1,0,0,1,1,1,1,1,0,0,1,1,1,1,1,1,0,0,1,1,1,1,1,1,0,0,1,1,1,1,1,1,1,1,0,0,1,1,1,1,1,1,0,0,
1,1,1,1,0,1,1,1,1,1,1,1,1,0,1,1,1,1,1,1,1,0,1,1,1,1,1,1,0,1,1,1,1,1,1,1,0,1,1,1,1,1,1,1,1,1,0,1,1,1,1,1,1,1,1,0,
1,1,1,1,1,0,0,0,1,1,1,1,1,0,0,0,1,1,1,1,0,0,1,0,1,1,1,1,0,0,0,1,1,1,1,1,0,0,0,1,1,1,1,1,0,1,0,0,1,1,1,1,1,0,0,0,
1,1,1,1,1,0,0,1,1,1,1,1,1,0,0,1,1,1,1,1,0,0,1,1,1,1,1,1,0,0,1,1,1,1,1,1,0,0,1,1,1,1,1,1,1,1,0,0,1,1,1,1,1,1,0,0,
1,1,1,1,1,0,1,0,1,1,1,1,1,0,0,1,1,1,1,1,0,0,1,1,1,1,1,1,0,0,1,1,1,1,1,1,0,0,1,1,1,1,1,1,1,1,0,0,1,1,1,1,1,1,0,0,
1,1,1,1,1,0,1,1,1,1,1,1,1,0,1,1,1,1,1,1,1,0,1,1,1,1,1,1,0,1,1,1,1,1,1,1,0,1,1,1,1,1,1,1,1,1,0,1,1,1,1,1,1,1,1,0,
1,1,1,1,1,1,0,0,1,1,1,1,1,1,0,0,1,1,1,1,0,0,1,1,1,1,1,1,0,0,1,1,1,1,1,1,0,0,1,1,1,1,1,1,1,1,0,0,1,1,1,1,1,1,0,0,
1,1,1,1,1,1,0,1,1,1,1,1,1,1,0,1,1,1,1,1,0,1,1,1,1,1,1,1,0,1,1,1,1,1,1,1,0,1,1,1,1,1,1,1,1,1,0,1,1,1,1,1,1,1,1,0,
1,1,1,1,1,1,1,0,1,1,1,1,1,1,0,1,1,1,1,1,0,1,1,1,1,1,1,1,0,1,1,1,1,1,1,1,0,1,1,1,1,1,1,1,1,1,0,1,1,1,1,1,1,1,1,0,
1,1,1,1,1,1,1,1,1,1,1,1,1,1,1,1,1,1,1,1,1,1,1,1,1,1,1,1,1,1,1,1,1,1,1,1,1,1,1,1,1,1,1,1,1,1,1,1,1,1,1,1,1,1,1,1,
